1778069678124 0.3998159581799161 0
1778069679841 0.14884967098792526 1
1778069681544 0.15147118532388623 2
1778069683269 0.1500913058474212 3
1778069684973 0.14673195112416895 4
1778069686638 0.137794112058798 5
1778069688308 0.1285864143690996 6
1778069689996 0.1230183486395236 7
1778069691685 0.12089834037668747 8
1778069693374 0.12026823508999024 9
1778069695051 0.11899310757682914 10
1778069696703 0.11549537146398994 11
1778069698332 0.11558896395477218 12
1778069700050 0.11545725215841408 13
1778069701718 0.11390543589169194 14
1778069703423 0.1118012171440837 15
1778069705108 0.10980813341003431 16
1778069706914 0.11121116345872754 17
1778069708601 0.10819755604328748 18
1778069710410 0.10496369600346676 19
1778069712134 0.0997656721979964 20
1778069713806 0.09776046810970337 21
1778069715540 0.10159701280473765 22
1778069717227 0.09947789643208933 23
1778069718889 0.10443213316549359 24
1778069720615 0.1077059788120905 25
1778069722346 0.11386404718297023 26
1778069724048 0.11180622003595486 27
1778069725774 0.09521954680622341 28
1778069727487 0.10097816509524837 29
