1778069678132 0.6999253518459292 0
1778069679850 0.20026537482536114 1
1778069681551 0.19575117931441927 2
1778069683277 0.1958188995525845 3
1778069684980 0.19775325197515106 4
1778069686646 0.18773091088717728 5
1778069688316 0.17632179549174135 6
1778069690005 0.1688550790130137 7
1778069691692 0.16646440004603513 8
1778069693382 0.1654880155542947 9
1778069695058 0.16398792077101712 10
1778069696712 0.15825604023408507 11
1778069698340 0.15716407510285232 12
1778069700060 0.15701589802891014 13
1778069701726 0.15353356576036176 14
1778069703431 0.15131854548365006 15
1778069705116 0.14793483190643655 16
1778069706922 0.15028459144756484 17
1778069708609 0.1446727722117341 18
1778069710424 0.1407611688931564 19
1778069712142 0.13520332352164716 20
1778069713815 0.13392076125465152 21
1778069715549 0.13778344503072576 22
1778069717234 0.13709911208541098 23
1778069718896 0.14455231032585097 24
1778069720624 0.15317444996126953 25
1778069722354 0.15889096437996258 26
1778069724056 0.15401732802589077 27
1778069725782 0.13328461162441813 28
1778069727495 0.14545128041117644 29
