1778069678113 0.4866157169012647 0
1778069679830 0.03991808938352685 1
1778069681534 0.038123269006609915 2
1778069683259 0.038143482853315376 3
1778069684964 0.03890095327637697 4
1778069686628 0.035065217208313314 5
1778069688299 0.030942595279530475 6
1778069689987 0.028368615300247545 7
1778069691676 0.0275723209506587 8
1778069693363 0.027240636405584058 9
1778069695041 0.02674573259918313 10
1778069696693 0.024909721707042896 11
1778069698323 0.02456046216876099 12
1778069700040 0.024519716717891004 13
1778069701709 0.02344565354777794 14
1778069703413 0.022781747251160837 15
1778069705095 0.021794364885672143 16
1778069706905 0.022538135634539158 17
1778069708591 0.02090497372034741 18
1778069710328 0.019790008529334477 19
1778069712124 0.018257892318069936 20
1778069713797 0.017877058565959728 21
1778069715531 0.018898607115261257 22
1778069717219 0.018690905928317653 23
1778069718879 0.020757759070808166 24
1778069720605 0.02330710967806609 25
1778069722337 0.025075327518616655 26
1778069724039 0.023589064129383157 27
1778069725765 0.01766365762236283 28
1778069727477 0.021056267050536055 29
