1778066858568 0.12131411957315763 0
1778066859367 0.09305367202444029 1
1778066860168 0.10809186504353571 2
1778066860995 0.11815065148421496 3
1778066861889 0.12259479465561464 4
1778066862738 0.12632529325251712 5
1778066863683 0.1267656781318552 6
1778066864469 0.1274233343215496 7
1778066865357 0.12607771978633872 8
1778066866293 0.12202328728539567 9
1778066867108 0.11478490489816552 10
1778066868017 0.09933462666287848 11
1778066868853 0.08386676970670216 12
1778066869646 0.07229235967214356 13
1778066870497 0.06323564471642881 14
1778066871299 0.05785752135512771 15
1778066872096 0.054999843691838836 16
1778066872878 0.05351107519904757 17
1778066873698 0.05263777660372428 18
1778066874487 0.05152884311928414 19
1778066875282 0.051015923190778384 20
1778066876218 0.05046531419736366 21
1778066877086 0.0502755251007053 22
