1778066858559 0.049457281964360465 0
1778066859358 0.018612692190799862 1
1778066860161 0.024336956033640833 2
1778066860986 0.0270680264784171 3
1778066861881 0.028124058189205627 4
1778066862729 0.028761912369484662 5
1778066863674 0.0285709435656105 6
1778066864460 0.028390174994008647 7
1778066865347 0.027694213919208517 8
1778066866283 0.02635965337123717 9
1778066867099 0.024324517853240232 10
1778066868007 0.020262343509346938 11
1778066868844 0.01533794987555002 12
1778066869638 0.011613598077067681 13
1778066870487 0.008213178288541418 14
1778066871290 0.0065454396929853055 15
1778066872087 0.005718818983671665 16
1778066872869 0.005301616486918339 17
1778066873689 0.005087364679658243 18
1778066874478 0.004798950959753403 19
1778066875274 0.004651551932236919 20
1778066876206 0.004543910095919042 21
1778066877076 0.004492990352908179 22
