1778066858575 0.22254234792644423 0
1778066859374 0.13648095122189502 1
1778066860176 0.15606292445283595 2
1778066861003 0.1645734182439056 3
1778066861899 0.1677360521360903 4
1778066862746 0.16961195939035636 5
1778066863694 0.1690349580947742 6
1778066864478 0.1684907662311621 7
1778066865365 0.1664066805000689 8
1778066866300 0.16234569073098437 9
1778066867116 0.1559714833765566 10
1778066868025 0.14245193231493544 11
1778066868860 0.1239460537082752 12
1778066869654 0.10782824670893396 13
1778066870505 0.09066826406162562 14
1778066871307 0.08093909392406477 15
1778066872104 0.0756519232664816 16
1778066872885 0.07283455280949844 17
1778066873706 0.07134901411439587 18
1778066874494 0.06929517325724804 19
1778066875289 0.06822173324055636 20
1778066876228 0.06742457652900265 21
1778066877094 0.06704495453109356 22
