1778069417778 0.6456753832533171 0
1778069419591 0.03414815435872266 1
1778069421371 0.03872681391474448 2
1778069423053 0.0391562946434868 3
1778069424809 0.036895367699234106 4
1778069426546 0.034283820186790666 5
1778069428317 0.03383024652537547 6
1778069430092 0.03395058631308769 7
1778069431784 0.033581928810790966 8
1778069433460 0.03149475589100467 9
1778069435160 0.02925479292967602 10
1778069436825 0.02758553007029389 11
1778069438567 0.026948558889623535 12
1778069440317 0.027002267990457383 13
1778069442192 0.02584596988009779 14
1778069443987 0.024263179826697238 15
1778069445780 0.023178004176895084 16
1778069447473 0.022439641025113432 17
1778069449123 0.022647965179854318 18
1778069450855 0.022966063917173367 19
1778069452627 0.02474352959666009 20
1778069454324 0.02688136769238075 21
1778069456015 0.028019752328921305 22
1778069457691 0.030228740410683186 23
1778069459408 0.02815257968430064 24
1778069461094 0.028723707361342877 25
1778069462737 0.02634115726932099 26
1778069464439 0.02228520310630924 27
1778069466155 0.024114265681342468 28
1778069467877 0.01735974110809988 29
