1778069417794 0.8062243476688383 0
1778069419611 0.18510081107560075 1
1778069421388 0.19730337473707066 2
1778069423070 0.1983887937150901 3
1778069424826 0.19259047521719963 4
1778069426564 0.1856555035677885 5
1778069428333 0.18444485679052813 6
1778069430116 0.18478153320607676 7
1778069431802 0.18374247686898726 8
1778069433478 0.17792160601303889 9
1778069435176 0.17140613952915976 10
1778069436843 0.16639787515932242 11
1778069438584 0.16430051129228385 12
1778069440336 0.16432971479453673 13
1778069442212 0.16066511264937874 14
1778069444010 0.15569353874130978 15
1778069445800 0.15221867134232775 16
1778069447490 0.1498895384039773 17
1778069449141 0.1507078628508122 18
1778069450879 0.15190786917908722 19
1778069452643 0.15775657426606773 20
1778069454343 0.16444568719515362 21
1778069456032 0.16793274099009198 22
1778069457709 0.17432258858105742 23
1778069459426 0.16821422562654215 24
1778069461113 0.1699167007871578 25
1778069462754 0.16278688794934 26
1778069464456 0.14956308518332972 27
1778069466173 0.15540258857642716 28
1778069467892 0.13199494925122007 29
