1778069417787 0.4423197488941546 0
1778069419601 0.14037797741602384 1
1778069421379 0.1508008183019206 2
1778069423062 0.15089299490900018 3
1778069424819 0.1439860484242422 4
1778069426555 0.13841859976379955 5
1778069428326 0.13649993386765913 6
1778069430105 0.1372861133837794 7
1778069431793 0.13655523474660103 8
1778069433470 0.13264530262396945 9
1778069435169 0.12696015391518067 10
1778069436835 0.12197277447672093 11
1778069438577 0.12110230616064231 12
1778069440326 0.12165360673603726 13
1778069442202 0.11993168258116232 14
1778069443998 0.11633441393891751 15
1778069445790 0.11333746150994285 16
1778069447482 0.11066334085206046 17
1778069449132 0.1106222006499194 18
1778069450864 0.11111159496128899 19
1778069452635 0.11433394962354525 20
1778069454334 0.11625777055221202 21
1778069456024 0.12087446263011126 22
1778069457701 0.12376001531379059 23
1778069459418 0.1203522061089647 24
1778069461104 0.11949562471828522 25
1778069462746 0.11277355620848996 26
1778069464448 0.10425347165256003 27
1778069466165 0.10990528262321875 28
1778069467885 0.0957675264944985 29
