1778069534302 0.1689742713906374 0
1778069534900 0.15469114800441428 1
1778069535511 0.15667157809580423 2
1778069536114 0.15121842862145424 3
1778069536716 0.14893699950573283 4
1778069537255 0.14631118430867868 5
1778069537854 0.14309982406239624 6
1778069538399 0.13830310543972724 7
1778069538944 0.13061563148059135 8
1778069539487 0.11935365193474619 9
1778069540035 0.10052662700356169 10
1778069540654 0.0811519289709913 11
1778069541242 0.0652220713501485 12
1778069541846 0.05485881007545138 13
1778069542422 0.04944246748673779 14
1778069543003 0.04679691803253406 15
1778069543624 0.045459045477325884 16
1778069544252 0.0449194435172202 17
1778069544845 0.04467103963652902 18
1778069545473 0.04483596763469464 19
1778069546063 0.04531589117223169 20
1778069546660 0.045963898175617766 21
1778069547318 0.04652531041348516 22
1778069547912 0.04671050674465836 23
1778069548532 0.04679729099715806 24
1778069549158 0.04675236991281429 25
1778069549807 0.04673892688819222 26
1778069550484 0.04653172171994751 27
1778069551140 0.04630439570293812 28
1778069551753 0.046150196383824844 29
