1778069534311 0.27087866837306307 0
1778069534911 0.20014929958702526 1
1778069535519 0.1931509289826561 2
1778069536122 0.1845049656472132 3
1778069536724 0.18145255231329796 4
1778069537262 0.17832620720519815 5
1778069537861 0.17454257341251295 6
1778069538406 0.1689902027353257 7
1778069538952 0.16033447049297922 8
1778069539495 0.1483428038305587 9
1778069540043 0.13018684934036873 10
1778069540661 0.11121638187096966 11
1778069541250 0.0928410041451506 12
1778069541854 0.07518883977307095 13
1778069542429 0.06587062668348638 14
1778069543011 0.061904083602164726 15
1778069543632 0.06003387027295663 16
1778069544259 0.05933303347819539 17
1778069544856 0.059079380294090635 18
1778069545481 0.05926721606588559 19
1778069546070 0.05996071615544372 20
1778069546668 0.06077860159399561 21
1778069547326 0.06154004077378319 22
1778069547920 0.06182299940813001 23
1778069548541 0.0619640836786057 24
1778069549166 0.061884395718846366 25
1778069549814 0.061978068879084566 26
1778069550492 0.06161264040957855 27
1778069551148 0.06140472837343064 28
1778069551801 0.0611891901844616 29
