1778069534293 0.07292447843662414 0
1778069534890 0.04003133393922134 1
1778069535502 0.03736748791446811 2
1778069536106 0.03413426184683646 3
1778069536708 0.0330169443531256 4
1778069537247 0.03189404573977778 5
1778069537846 0.03055661337964825 6
1778069538391 0.028646985204939388 7
1778069538935 0.025788619682977073 8
1778069539479 0.022066472755058814 9
1778069540028 0.016966399201191962 10
1778069540646 0.012334355404355415 11
1778069541234 0.00856700813838918 12
1778069541837 0.005619505448511948 13
1778069542414 0.0043178572938287335 14
1778069542995 0.0038154321397948815 15
1778069543612 0.0035899699169309124 16
1778069544244 0.0035074994519450945 17
1778069544836 0.003477733611668411 18
1778069545465 0.0035007402662334867 19
1778069546055 0.0035843069806057765 20
1778069546650 0.003680623092345501 21
1778069547310 0.003771190687793454 22
1778069547902 0.0038083268482679206 23
1778069548523 0.003824186386344464 24
1778069549149 0.003815114660507166 25
1778069549797 0.003826830528161832 26
1778069550475 0.0037826965268897383 27
1778069551131 0.0037568389677050474 28
1778069551744 0.003730739421505285 29
