1778058422751 0.47879866684557115 0
1778058424902 0.4426153113976661 1
1778058426969 0.4462930227095385 2
1778058429101 0.43752694891921357 3
1778058431116 0.4046808450955437 4
1778058433158 0.4187711406387177 5
1778058435212 0.4199488543478317 6
1778058437233 0.4088896070843045 7
1778058439137 0.43895802753984425 8
1778058441055 0.39701226602913436 9
1778058442951 0.3728009412057178 10
1778058444875 0.37572605126305547 11
1778058446778 0.3848635075289677 12
1778058448696 0.3653938557620456 13
1778058450603 0.3623624836890009 14
1778058452505 0.35454799563061973 15
1778058454625 0.346520711206218 16
1778058456732 0.3474158811672365 17
1778058458834 0.35609252309116707 18
1778058460804 0.3593308701225925 19
1778058462983 0.35632576521796644 20
1778058465047 0.380147436711056 21
1778058467142 0.4099400187357749 22
1778058469142 0.356029913888319 23
1778058471153 0.4034219543392988 24
1778058473153 0.3284398121012679 25
1778058475152 0.33354195234184186 26
1778058477290 0.3692192056791772 27
1778058479392 0.3762628675722456 28
1778058481538 0.3626565750702326 29
