1778058422741 0.41757326352375523 0
1778058424892 0.376707919474159 1
1778058426960 0.3626201956498402 2
1778058429091 0.36214978126661174 3
1778058431107 0.32529131502464964 4
1778058433150 0.3463935089154691 5
1778058435203 0.34710607629407336 6
1778058437224 0.3363039424179723 7
1778058439128 0.37015117662490676 8
1778058441047 0.32432268694949845 9
1778058442942 0.2900943381209222 10
1778058444866 0.28210616922843706 11
1778058446769 0.2950951149046579 12
1778058448687 0.26283938634805576 13
1778058450594 0.2567968241594456 14
1778058452496 0.24789555292951052 15
1778058454614 0.2376907061016749 16
1778058456722 0.2353247241979396 17
1778058458825 0.24504999000401723 18
1778058460790 0.24913643739092603 19
1778058462974 0.25369522139114675 20
1778058465037 0.2705355011439197 21
1778058467133 0.31537553269869434 22
1778058469133 0.25966830327909773 23
1778058471144 0.30788976902132315 24
1778058473144 0.2331681928484055 25
1778058475143 0.21736571897392865 26
1778058477281 0.2674875752753997 27
1778058479384 0.253532882976942 28
1778058481528 0.2663386630672942 29
