1778058422760 0.6467336500695979 0
1778058424910 0.6142680443457398 1
1778058426977 0.6026833765612223 2
1778058429110 0.6022764426137234 3
1778058431124 0.5706412557245203 4
1778058433166 0.5887308383867614 5
1778058435219 0.5892633080232809 6
1778058437240 0.5800577149400297 7
1778058439144 0.6085124239234717 8
1778058441062 0.5696369692667873 9
1778058442957 0.5388231869979466 10
1778058444882 0.5315311557874401 11
1778058446785 0.5436496719724188 12
1778058448703 0.5130832786151024 13
1778058450611 0.5071494679154489 14
1778058452512 0.4982812339361218 15
1778058454636 0.48786956737350556 16
1778058456742 0.4854222828435111 17
1778058458843 0.49535854387257977 18
1778058460816 0.49926909080081494 19
1778058462990 0.5040711966193563 20
1778058465055 0.519942051445455 21
1778058467151 0.5618806297597945 22
1778058469150 0.509764424076714 23
1778058471162 0.5551882084238514 24
1778058473160 0.48323048277284447 25
1778058475161 0.4665259512287093 26
1778058477298 0.5175970214295729 27
1778058479400 0.5031970957232795 28
1778058481545 0.5164673439855139 29
