1778058257394 0.6231240799075657 0
1778058259341 0.6294454323121067 1
1778058261278 0.5881190789536828 2
1778058263162 0.5924092713374605 3
1778058264976 0.5814522503296202 4
1778058266785 0.56909356624327 5
1778058268642 0.6006947600808092 6
1778058270565 0.5643539107925118 7
1778058272395 0.5870986094851954 8
1778058274231 0.5355809326559464 9
1778058276123 0.6324111727811785 10
1778058277891 0.566672465348605 11
1778058279680 0.5980878497717386 12
1778058281465 0.5647430424307011 13
1778058283252 0.5481557812193264 14
1778058285059 0.5580171193972735 15
1778058286905 0.5739582245136924 16
1778058288639 0.5679742319257777 17
1778058290371 0.5620574667385227 18
1778058292202 0.5569090430549678 19
1778058294074 0.5886552704114443 20
1778058296068 0.5610779857418073 21
1778058297887 0.5917389307882152 22
1778058299678 0.602393532619015 23
1778058301415 0.5773940671638579 24
1778058303195 0.5644403421795697 25
1778058305021 0.5597594626007435 26
1778058306880 0.5647783187420404 27
1778058308688 0.5581201849718666 28
1778058310491 0.5950403266091384 29
