1778058257387 0.4585256892527351 0
1778058259334 0.45861161596484495 1
1778058261270 0.42262381769198093 2
1778058263155 0.42086288642028136 3
1778058264969 0.41156678680843495 4
1778058266778 0.4044146978109876 5
1778058268635 0.43206998207975744 6
1778058270557 0.3981602448238208 7
1778058272387 0.41944742060929086 8
1778058274223 0.3781964894359187 9
1778058276114 0.47412206903485976 10
1778058277883 0.42074214084464384 11
1778058279673 0.434349342398662 12
1778058281459 0.39861413938900087 13
1778058283241 0.3952099678712777 14
1778058285051 0.3961785664336344 15
1778058286898 0.4099010132001202 16
1778058288632 0.3997700460779344 17
1778058290364 0.4000686074136496 18
1778058292194 0.3918613120908717 19
1778058294067 0.4269324602430807 20
1778058296060 0.3960408835251397 21
1778058297879 0.4275165883547387 22
1778058299670 0.4345246074210002 23
1778058301408 0.40613879742953746 24
1778058303187 0.40205315851630047 25
1778058305013 0.3959393219632695 26
1778058306872 0.40867151456644335 27
1778058308680 0.39308316953839534 28
1778058310484 0.4338508606447936 29
