1778058257379 0.3876923191898241 0
1778058259326 0.39557071804763777 1
1778058261263 0.3453297806637628 2
1778058263146 0.35046535546068475 3
1778058264961 0.3376169228955867 4
1778058266769 0.3237777984942551 5
1778058268627 0.36092555797880604 6
1778058270548 0.31838738960682084 7
1778058272378 0.3444881470055965 8
1778058274213 0.2865992263255138 9
1778058276104 0.3993179681045668 10
1778058277875 0.32129512051189385 11
1778058279664 0.35752400296626896 12
1778058281450 0.3184258868553178 13
1778058283233 0.30020080924664855 14
1778058285042 0.3108775654620437 15
1778058286885 0.32894915164936156 16
1778058288624 0.3220809851846998 17
1778058290355 0.31542232131989545 18
1778058292184 0.30965298044657896 19
1778058294058 0.3466974095830684 20
1778058296050 0.314484930069989 21
1778058297871 0.350469068264362 22
1778058299661 0.36261449593597306 23
1778058301399 0.33290368668419656 24
1778058303178 0.3185752694391542 25
1778058305003 0.31301772006092565 26
1778058306863 0.3191329969103059 27
1778058308671 0.3111441884603765 28
1778058310475 0.3541428058965023 29
