1778069924826 0.4998807358114343 0
1778069932706 0.01663459865866523 1
1778069934377 0.01520103880841481 2
1778069936065 0.013807263254727187 3
1778069937696 0.01265503879832594 4
1778069939383 0.011414554862207488 5
1778069941093 0.010435715043231061 6
1778069942743 0.009535418823361397 7
1778069944340 0.008948567730227583 8
1778069945979 0.007860341060318445 9
1778069947628 0.007450518747301478 10
1778069949307 0.00689273561890188 11
1778069950983 0.006939346098193997 12
1778069952693 0.006076105223282387 13
1778069954327 0.005873458410956357 14
1778069955954 0.005527352727949619 15
1778069957619 0.0052513016632905135 16
1778069959179 0.00488497447712641 17
1778069960771 0.005388183411406843 18
1778069962427 0.004951413152249236 19
1778069964054 0.004245523439328137 20
1778069965670 0.004659045654300012 21
1778069967343 0.004582559883496479 22
1778069969036 0.004199691224647196 23
1778069970734 0.004257587056705042 24
1778069972432 0.003994486605944602 25
1778069974100 0.00402401474941718 26
1778069975787 0.004332663942324488 27
1778069977502 0.0038059342211406483 28
1778069979174 0.0039627502059662026 29
