1778069931058 0.379261831132832 0
1778069932717 0.10252180401575645 1
1778069934386 0.0979721169363736 2
1778069936075 0.09335466105496948 3
1778069937706 0.08944386631396413 4
1778069939393 0.08483034001456567 5
1778069941103 0.08097170875736072 6
1778069942753 0.07737918302878807 7
1778069944350 0.07498949730172011 8
1778069945989 0.07009664893123013 9
1778069947636 0.06823043631476104 10
1778069949316 0.0654587252454679 11
1778069950995 0.06561420846522988 12
1778069952705 0.061250898633120714 13
1778069954337 0.06016919486955521 14
1778069955962 0.05813325262001669 15
1778069957633 0.05672393114505682 16
1778069959188 0.054545974505650206 17
1778069960781 0.05756352833893826 18
1778069962438 0.05495745128139229 19
1778069964062 0.05046069925441021 20
1778069965679 0.053214290765021696 21
1778069967353 0.05284689222662446 22
1778069969047 0.050270804738887155 23
1778069970744 0.05071759666037907 24
1778069972442 0.04895469953507838 25
1778069974109 0.04909058731784588 26
1778069975796 0.05132020796676073 27
1778069977510 0.04778644471943074 28
1778069979184 0.048901531811524956 29
