1778069931066 0.7094233941663306 0
1778069932726 0.1290454897332588 1
1778069934394 0.12332048191723942 2
1778069936084 0.11755035432892035 3
1778069937713 0.11254841068722346 4
1778069939403 0.10685819225768023 5
1778069941114 0.10214628200836834 6
1778069942761 0.09764904179347099 7
1778069944359 0.09461819571792521 8
1778069945998 0.08866495833969813 9
1778069947643 0.0863248245120075 10
1778069949324 0.08299735371868248 11
1778069951004 0.08324868346594676 12
1778069952714 0.07795111579429274 13
1778069954345 0.0767094389016529 14
1778069955971 0.07420826973230189 15
1778069957640 0.07252730914200169 16
1778069959195 0.06989811490889145 17
1778069960790 0.07339449844531427 18
1778069962446 0.07040684383470878 19
1778069964072 0.06514061225589261 20
1778069965687 0.06820041487165163 21
1778069967361 0.06773145232465298 22
1778069969057 0.06487429261616376 23
1778069970752 0.06520806546118009 24
1778069972451 0.0632179223229926 25
1778069974116 0.06334884409923768 26
1778069975804 0.06588964520378761 27
1778069977519 0.061714517671941145 28
1778069979192 0.06301097569514691 29
