1778058088283 0.6565565925536895 0
1778058090507 0.6218599220382103 1
1778058092616 0.5801262870103371 2
1778058094692 0.5928089123057385 3
1778058096752 0.5857751515264754 4
1778058098790 0.5765723522465729 5
1778058100907 0.5763848351408579 6
1778058102829 0.5310818157205048 7
1778058104710 0.5735816434815523 8
1778058106652 0.5612502569675771 9
1778058108756 0.548407725250693 10
1778058110893 0.5759842723905011 11
1778058112791 0.5549486165257245 12
1778058114707 0.5603064719825488 13
1778058116723 0.5285888951788116 14
1778058118854 0.5318640270482256 15
1778058120958 0.5403376740506034 16
1778058122922 0.5174545235446235 17
1778058124833 0.5011321837737519 18
1778058126706 0.4736290226722983 19
1778058128650 0.47177404451773025 20
1778058130635 0.46786288839124457 21
1778058132578 0.45648487799128334 22
1778058134461 0.4657947963783345 23
1778058136711 0.4744580690710266 24
1778058138728 0.47689725349740575 25
1778058140695 0.506025446380859 26
1778058142741 0.5140567531054336 27
1778058144772 0.5111451540193607 28
1778058146708 0.5098865056113132 29
