1778058088275 0.48314848023972135 0
1778058090497 0.4460273494690317 1
1778058092609 0.42423040728852895 2
1778058094684 0.430035249371601 3
1778058096745 0.41622271817920264 4
1778058098780 0.40898086912680687 5
1778058100898 0.41120684911788274 6
1778058102822 0.3721726687317637 7
1778058104703 0.4038587555154485 8
1778058106645 0.3998361152571535 9
1778058108748 0.39613572417098336 10
1778058110885 0.41061389887632654 11
1778058112783 0.3994915676448727 12
1778058114699 0.4038100008135931 13
1778058116713 0.3688451110926447 14
1778058118846 0.3821463067474693 15
1778058120951 0.3951064724165057 16
1778058122913 0.3655864978199802 17
1778058124825 0.35041432756819635 18
1778058126699 0.3378855812578932 19
1778058128643 0.3318942266032738 20
1778058130627 0.3291579597463363 21
1778058132570 0.3227173752045989 22
1778058134454 0.32622212377753496 23
1778058136704 0.33461589212140347 24
1778058138719 0.3396709963629775 25
1778058140687 0.370592978360884 26
1778058142732 0.37253449314165754 27
1778058144764 0.3702157413686453 28
1778058146702 0.3634874433371977 29
