1778058088266 0.43035235902462055 0
1778058090487 0.386081087033427 1
1778058092601 0.3359868031280933 2
1778058094675 0.35087193372270103 3
1778058096736 0.3426897168435432 4
1778058098769 0.33219531597323204 5
1778058100889 0.3320919970375678 6
1778058102813 0.2819579322699201 7
1778058104694 0.32851398666266096 8
1778058106636 0.3145241690257554 9
1778058108740 0.30076068214007784 10
1778058110876 0.33122805029981667 11
1778058112774 0.3079949758907475 12
1778058114689 0.31356390403021894 13
1778058116701 0.27902240256862665 14
1778058118837 0.28245853301551604 15
1778058120939 0.29191774939970366 16
1778058122903 0.2673617234975888 17
1778058124817 0.2507389970320873 18
1778058126690 0.2239882122902643 19
1778058128634 0.22221759777693523 20
1778058130618 0.21856111053515365 21
1778058132562 0.20807253413651355 22
1778058134445 0.21666751553614935 23
1778058136476 0.2248784045752867 24
1778058138710 0.22712365413705507 25
1778058140678 0.25601649153287764 26
1778058142723 0.26385063978611795 27
1778058144754 0.26110004846538815 28
1778058146693 0.2596081281327224 29
