1778066928298 0.12130281617066047 0
1778066929160 0.09295999804436467 1
1778066929948 0.10764233393995046 2
1778066930816 0.1161710493445327 3
1778066931754 0.12141567297833229 4
1778066932563 0.12464671018678666 5
1778066933444 0.128933823674466 6
1778066934257 0.12965024381688955 7
1778066935059 0.12993194902924404 8
1778066935928 0.13064707128530956 9
1778066936761 0.12746293408929238 10
1778066937621 0.12447915983869674 11
1778066938437 0.11511723268304722 12
1778066939226 0.09792958389608392 13
1778066940091 0.07933322116713315 14
1778066940923 0.07011528939688083 15
1778066941805 0.0629539611706352 16
1778066942598 0.05812978836426253 17
1778066943425 0.05530067265743944 18
1778066944257 0.05368015798561409 19
1778066945046 0.05229568019062615 20
1778066945928 0.05118550040584322 21
1778066946863 0.05049171832210164 22
1778066947660 0.04992609797836795 23
1778066948602 0.04966146888046187 24
1778066949398 0.04928579265665034 25
1778066950300 0.04924873497358313 26
1778066951084 0.04920748035643273 27
1778066951941 0.04916116260434967 28
1778066952756 0.049224541684255274 29
