1778066928308 0.2199419415057954 0
1778066929168 0.13705533383953522 1
1778066929956 0.15579085569637516 2
1778066930824 0.16353391901449701 3
1778066931762 0.16729861082807002 4
1778066932570 0.16907186938332966 5
1778066933452 0.17125128880336918 6
1778066934265 0.17091877589862028 7
1778066935069 0.1703476272115403 8
1778066935937 0.17003175198971007 9
1778066936769 0.16672461302723215 10
1778066937629 0.16335271408282015 11
1778066938445 0.1553864400604851 12
1778066939236 0.14076382903303025 13
1778066940099 0.11898386001755183 14
1778066940933 0.10300167407343051 15
1778066941812 0.0898871960866099 16
1778066942607 0.08136342120813998 17
1778066943433 0.07607377325096808 18
1778066944266 0.07309421133720254 19
1778066945053 0.07066062564451846 20
1778066945935 0.06853953145868283 21
1778066946870 0.06741000442914914 22
1778066947766 0.06643934302606676 23
1778066948610 0.06596497900695594 24
1778066949406 0.06548287970843779 25
1778066950309 0.06548277746059517 26
1778066951091 0.06545490103854668 27
1778066951948 0.06521395604970504 28
1778066952763 0.06562015024908324 29
