1778066928287 0.0483080237200262 0
1778066929150 0.018768935539468967 1
1778066929940 0.02425155397960374 2
1778066930806 0.026726790870140706 3
1778066931745 0.027977101721310564 4
1778066932553 0.028578678425339853 5
1778066933430 0.029324540591530168 6
1778066934248 0.02921501490645968 7
1778066935051 0.029023091678960968 8
1778066935916 0.02891729667871481 9
1778066936752 0.0278051033709691 10
1778066937611 0.026690694958368247 11
1778066938428 0.024144326219650566 12
1778066939216 0.019783025137185755 13
1778066940083 0.014136902670432671 14
1778066940911 0.010597260660558407 15
1778066941792 0.008071740926612937 16
1778066942586 0.00661488549097653 17
1778066943416 0.005782853106095913 18
1778066944246 0.005338588196700488 19
1778066945036 0.004990015855236422 20
1778066945917 0.004694811736169474 21
1778066946854 0.004542234949964695 22
1778066947652 0.00441210099930811 23
1778066948592 0.004348979666939981 24
1778066949390 0.00428568726718406 25
1778066950289 0.0042858440555242835 26
1778066951076 0.004282085232377526 27
1778066951933 0.00425059667224232 28
1778066952746 0.004303478716229577 29
