1778066987047 0.3225029195762343 0
1778066989261 0.03560558190106084 1
1778067008137 0.03436839497012515 2
1778067010233 0.030438488474973137 3
1778067012346 0.02757436228255746 4
1778067014505 0.02624807483886206 5
1778067016498 0.019850884808138722 6
1778067018559 0.015741398912810144 7
1778067020573 0.013589823114680787 8
1778067022629 0.013147234904059953 9
1778067024742 0.012562732223640615 10
1778067026844 0.012136405004033199 11
1778067028923 0.011496147579419864 12
1778067031033 0.010466097042866288 13
1778067033076 0.009719028268822484 14
1778067035249 0.009364506802595561 15
1778067037199 0.009452510647914279 16
1778067039242 0.008982363209022435 17
1778067041263 0.00937122416808196 18
1778067043289 0.009616013480813573 19
1778067045359 0.00992340344298759 20
1778067047418 0.009263160400444927 21
1778067049474 0.010307347563664533 22
1778067051515 0.008335201394936395 23
1778067053537 0.008575359455780397 24
1778067055635 0.009779100510828868 25
1778067057638 0.01138672061423431 26
1778067059597 0.010927242413840734 27
1778067061752 0.007967000675360578 28
1778067063671 0.00994874830524038 29
