1778066987056 0.28452613063673315 0
1778067005997 0.14296537489147768 1
1778067008146 0.1371884387500978 2
1778067010243 0.12871697586934888 3
1778067012357 0.12317681011891873 4
1778067014513 0.12351135087688209 5
1778067016507 0.10939052793963634 6
1778067018568 0.09564523103997546 7
1778067020582 0.08695405722671594 8
1778067022639 0.08476474126816963 9
1778067024751 0.08215108363437958 10
1778067026858 0.08039371681376505 11
1778067028932 0.07782028399754137 12
1778067031043 0.0744056228124662 13
1778067033085 0.07184050372006517 14
1778067035258 0.07013218642977948 15
1778067037212 0.06957015527908327 16
1778067039252 0.06669299264728645 17
1778067041272 0.06834319357336448 18
1778067043299 0.07048856843999726 19
1778067045368 0.07092337397836969 20
1778067047428 0.06866309436820506 21
1778067049483 0.07292568626448356 22
1778067051526 0.0647347992264659 23
1778067053545 0.06571757283830534 24
1778067055644 0.06925313727864629 25
1778067057647 0.07475321842452319 26
1778067059607 0.0728833935119919 27
1778067061761 0.06466605305690332 28
1778067063680 0.07140516507272204 29
