1778066987063 0.5683473263506602 0
1778067006005 0.18880723010605704 1
1778067008155 0.18550960946484663 2
1778067010251 0.17457955173687487 3
1778067012367 0.16615386590302905 4
1778067014522 0.1620740378459315 5
1778067016514 0.14096149764627283 6
1778067018575 0.12555393163490086 7
1778067020590 0.11666613026158301 8
1778067022647 0.11475429215719295 9
1778067024759 0.11217559124658749 10
1778067026869 0.11025381568657329 11
1778067028939 0.10729700756578736 12
1778067031051 0.10238076129388161 13
1778067033092 0.09866389339183824 14
1778067035266 0.09684611337951292 15
1778067037220 0.09730180114759733 16
1778067039262 0.09485090458221788 17
1778067041279 0.09686761079407148 18
1778067043308 0.09809752194417631 19
1778067045376 0.09963295445500048 20
1778067047437 0.09626065638013101 21
1778067049493 0.10153865829190635 22
1778067051537 0.0912972926032548 23
1778067053553 0.09260823113949213 24
1778067055651 0.09891842266174727 25
1778067057655 0.10675114271655524 26
1778067059614 0.10457030283760511 27
1778067061769 0.08925735049572657 28
1778067063687 0.0997283223714042 29
