1778069904990 0.12860997957702977 0
1778069905579 0.047371946119364634 1
1778069906155 0.045212745072314965 2
1778069906719 0.04472397248477921 3
1778069907267 0.044306578466262514 4
1778069907820 0.04433906793990928 5
1778069908375 0.04407787472534773 6
1778069908939 0.044136215689192924 7
1778069909497 0.04437924941574282 8
1778069910093 0.04337041595836959 9
1778069910665 0.0431002524861805 10
1778069911226 0.04409847081245519 11
1778069911791 0.0430934902969902 12
1778069912357 0.043470989631866845 13
1778069912975 0.04301141538824359 14
1778069913551 0.04278937441352151 15
1778069914220 0.042580517234674056 16
1778069914917 0.04255605839634426 17
1778069915554 0.042416466223294515 18
1778069916181 0.04186374091805493 19
1778069916816 0.04226962438843671 20
1778069917441 0.040998962211632795 21
1778069918123 0.03911794337541703 22
1778069918781 0.03854049742795795 23
1778069919486 0.038778674882194546 24
1778069920169 0.0383768930604387 25
1778069920782 0.038393282787565826 26
1778069921465 0.03788388368467947 27
1778069922133 0.03776767117407088 28
1778069922759 0.03821519274398905 29
