1778069904982 0.03528134604474824 0
1778069905569 0.003762843298088563 1
1778069906146 0.0034731778634810133 2
1778069906710 0.0034180473585269954 3
1778069907258 0.00336973359318156 4
1778069907811 0.003376969582352199 5
1778069908366 0.0033499796727770254 6
1778069908929 0.0033501776866614818 7
1778069909488 0.003366959331508138 8
1778069910085 0.003247960995098478 9
1778069910656 0.003211757288265385 10
1778069911217 0.0033356805675123866 11
1778069911781 0.003212239073687478 12
1778069912349 0.003264577191715178 13
1778069912966 0.0031991918791869755 14
1778069913538 0.00317585990077963 15
1778069914211 0.0031609053846056523 16
1778069914908 0.0031533807491589535 17
1778069915545 0.003116165915209996 18
1778069916172 0.003061273485716236 19
1778069916807 0.003110063740199334 20
1778069917432 0.0029641385582324705 21
1778069918114 0.0027739842275255606 22
1778069918771 0.0027231226037991675 23
1778069919478 0.002747815781223931 24
1778069920159 0.002687624126280609 25
1778069920772 0.002697673427725309 26
1778069921455 0.0026406742926490933 27
1778069922124 0.0026336569951749163 28
1778069922749 0.0026764949391547004 29
