1778069904999 0.18839535927715068 0
1778069905589 0.06138877578804518 1
1778069906163 0.058975658658278855 2
1778069906728 0.0584771442172741 3
1778069907275 0.0580930516795877 4
1778069907828 0.058094827279623305 5
1778069908384 0.05786251879302505 6
1778069908947 0.057880117422999956 7
1778069909504 0.05811382089867981 8
1778069910101 0.05705554195550096 9
1778069910673 0.05671202720244414 10
1778069911234 0.05778479004816833 11
1778069911799 0.0567043460253948 12
1778069912365 0.057149891745765305 13
1778069912982 0.05651698730417024 14
1778069913559 0.05631413460755652 15
1778069914229 0.05616287080504803 16
1778069914925 0.05610085470596364 17
1778069915562 0.055888776336346736 18
1778069916188 0.05529325958506412 19
1778069916825 0.05578587329782239 20
1778069917449 0.05445106775328163 21
1778069918135 0.0526893223008419 22
1778069918791 0.052173448216868964 23
1778069919496 0.052355461479963346 24
1778069920177 0.05187863410179764 25
1778069920790 0.05191424112842402 26
1778069921472 0.05138491131013184 27
1778069922141 0.051306860072985995 28
1778069922768 0.05174281882025144 29
