1778061119874 0.289515917163645 0
1778061121911 0.15001727269114737 1
1778061123906 0.13492587317698576 2
1778061125903 0.12166837614476267 3
1778061128028 0.11805530612391227 4
1778061129989 0.10024074912002938 5
1778061131910 0.09238175891856537 6
1778061133859 0.08790863981725631 7
1778061135895 0.08516268478752113 8
1778061137899 0.08299873732684696 9
1778061139876 0.0820439195149116 10
1778061141885 0.07962657907061643 11
1778061143929 0.07744994317270427 12
1778061146037 0.07361301710536051 13
1778061148195 0.07105556957038026 14
1778061150180 0.07160787841442039 15
1778061152102 0.0706332185502139 16
