1778061119864 0.33532793958370805 0
1778061121902 0.039925681501035655 1
1778061123897 0.03372852566341559 2
1778061125894 0.02790322290270259 3
1778061128019 0.024262574683658028 4
1778061129980 0.01707196781638438 5
1778061131901 0.014996188383539596 6
1778061133850 0.013872767996939796 7
1778061135887 0.013299821867982033 8
1778061137889 0.012806454942581397 9
1778061139867 0.012680532356536893 10
1778061141875 0.012074548720318094 11
1778061143921 0.011410672038980814 12
1778061146026 0.010303521041620385 13
1778061148187 0.009579562222974364 14
1778061150172 0.00980140395689184 15
1778061152089 0.009772746916121197 16
