1778061119882 0.579550480008457 0
1778061121918 0.19993460173760724 1
1778061123913 0.18377469414306855 2
1778061125910 0.16713228750052309 3
1778061128036 0.15584146924545805 4
1778061129996 0.13073545499591951 5
1778061131917 0.12254323488538779 6
1778061133866 0.11787509329167609 7
1778061135902 0.11541761925368593 8
1778061137906 0.1132578551111412 9
1778061139883 0.11269997185602422 10
1778061141893 0.1099724471494518 11
1778061143938 0.10689712412872494 12
1778061146047 0.1015779437160258 13
1778061148203 0.09795324803002083 14
1778061150188 0.09908051130825056 15
1778061152110 0.09893581053551048 16
