1778057661510 0.9270623657044279 0
1778057662403 0.7413062970277178 1
1778057663401 0.410775205071168 2
1778057664284 0.31103548785011287 3
1778057665177 0.2799261841311972 4
1778057666012 0.23859512525063659 5
1778057666891 0.23401349381834427 6
1778057667734 0.20540590850370272 7
1778057668550 0.1920975619562404 8
1778057669369 0.17758476040350696 9
1778057670194 0.17147106023889686 10
1778057671026 0.16387785934700222 11
1778057671859 0.15712359361350536 12
1778057672787 0.14968821788748737 13
1778057673588 0.14381341133562345 14
1778057674404 0.14240407887550574 15
1778057675328 0.13887111666223045 16
1778057682737 0.13882496977648723 17
