1778057661518 0.7596247456782805 0
1778057662411 0.6511762730724179 1
1778057663410 0.486078410178006 2
1778057664292 0.41292870638617607 3
1778057665184 0.3827865384589785 4
1778057666020 0.3580450558386746 5
1778057666899 0.353225623554205 6
1778057667741 0.3343153572951035 7
1778057668558 0.3249363094445635 8
1778057669377 0.31352228966739026 9
1778057670203 0.3087859966172996 10
1778057671033 0.30343442136240695 11
1778057671867 0.2974379616222426 12
1778057672797 0.2914667844057663 13
1778057673597 0.2864985152552633 14
1778057674412 0.28527025368753817 15
1778057681835 0.2818137632080202 16
1778057682746 0.28167840051274085 17
