1778057661526 0.9619339156448709 0
1778057662419 0.8600799782629145 1
1778057663417 0.6406117263115175 2
1778057664299 0.5576888823215373 3
1778057665191 0.5292331956552628 4
1778057666027 0.48863553322068703 5
1778057666907 0.48398783821343494 6
1778057667748 0.45346070377447495 7
1778057668564 0.4385465700100579 8
1778057669384 0.42165904243801033 9
1778057670211 0.41433564049730737 10
1778057671041 0.40506709608083385 11
1778057671875 0.3966314299242539 12
1778057672804 0.3871358995693044 13
1778057673603 0.3794399369750216 14
1778057674420 0.37758826507773935 15
1778057681845 0.37287356668548827 16
1778057682753 0.3728101702099233 17
