1778069397346 0.27931753632189205 0
1778069397920 0.1828207925735688 1
1778069398515 0.1992100323778317 2
1778069399103 0.18633662252542288 3
1778069399754 0.18221124640541578 4
1778069400447 0.17834147667203062 5
1778069401152 0.17407758413774288 6
1778069401781 0.1678555435131185 7
1778069402417 0.1595959747044447 8
1778069403071 0.1468452606154758 9
1778069403704 0.1312872196588031 10
1778069404390 0.1125196915073723 11
1778069405061 0.09435300015200102 12
1778069405789 0.07802941695452703 13
1778069406444 0.06732589171187257 14
1778069407139 0.06269638920659559 15
1778069407755 0.0604643879825311 16
1778069408383 0.059403367564092334 17
1778069409027 0.059497105085317456 18
1778069409586 0.05943060929679224 19
1778069410216 0.059670968301193957 20
1778069410783 0.06033175600759001 21
1778069411368 0.061225964843451865 22
1778069411982 0.061938849874725845 23
1778069412566 0.06271220419548097 24
1778069413196 0.06331753305325996 25
1778069413813 0.06335464262131049 26
1778069414482 0.06302150125038244 27
1778069415051 0.062468274813563845 28
1778069415623 0.06241045785954888 29
