1778069397338 0.16780294247906144 0
1778069397912 0.13935816205717275 1
1778069398507 0.16036289353860095 2
1778069399095 0.1525765650723839 3
1778069399745 0.14962910167588175 4
1778069400436 0.14652654683597263 5
1778069401142 0.1428807719905711 6
1778069401773 0.13745965533023424 7
1778069402410 0.12995905756007486 8
1778069403063 0.11759966002709732 9
1778069403697 0.10129615201479823 10
1778069404379 0.08170286027444018 11
1778069405053 0.06627143986742967 12
1778069405781 0.05648564173202394 13
1778069406435 0.05027052998538287 14
1778069407130 0.04738535675026086 15
1778069407747 0.04571110526518221 16
1778069408375 0.044965813574872865 17
1778069409020 0.04499772080449096 18
1778069409579 0.04495253844761911 19
1778069410209 0.04515471284683945 20
1778069410775 0.04559160360291965 21
1778069411360 0.04631517920980527 22
1778069411973 0.046791227182946725 23
1778069412559 0.047330932523097564 24
1778069413188 0.04772583279342842 25
1778069413805 0.047671730137282944 26
1778069414475 0.04739577313264854 27
1778069415043 0.04707402535012343 28
1778069415612 0.04705911785395645 29
