1778069397330 0.0775392139967727 0
1778069397904 0.03335944469527979 1
1778069398498 0.03970370445351459 2
1778069399086 0.03479727822184367 3
1778069399735 0.03328799348520605 4
1778069400427 0.031895990782466375 5
1778069401118 0.030389554468963884 6
1778069401765 0.028262930833979658 7
1778069402400 0.0255443035208277 8
1778069403055 0.021609513551045796 9
1778069403689 0.017243971518780057 10
1778069404368 0.012623912833729073 11
1778069405045 0.008851372502057961 12
1778069405655 0.006053355054341649 13
1778069406426 0.004509766171318724 14
1778069407120 0.00391477008877126 15
1778069407739 0.0036410997119291047 16
1778069408366 0.0035160666558352346 17
1778069409012 0.0035268966059543586 18
1778069409571 0.003521172175992672 19
1778069410201 0.003548325877636671 20
1778069410767 0.0036258701909039365 21
1778069411350 0.0037358529939267196 22
1778069411964 0.00382147388545012 23
1778069412551 0.003917677758114511 24
1778069413180 0.00399469372473265 25
1778069413797 0.003997557512239406 26
1778069414467 0.003954453863767221 27
1778069415035 0.0038858018601068147 28
1778069415605 0.003880337342668913 29
