1778069642533 0.0801220594966588 0
1778069643176 0.03706852855700019 1
1778069643813 0.040256321241490936 2
1778069644435 0.03548587426837338 3
1778069645059 0.03424243759241347 4
1778069645638 0.03299233106357095 5
1778069646217 0.03180285090899193 6
1778069646803 0.029931154227080314 7
1778069647397 0.0275573127290332 8
1778069647979 0.024009685355581737 9
1778069648542 0.019537316861954566 10
1778069649153 0.01445107880710183 11
1778069649748 0.0098752908819159 12
1778069650335 0.006295551074129578 13
1778069651016 0.004338536027965969 14
1778069651651 0.003747589785090991 15
1778069652231 0.003568164857815167 16
1778069652816 0.0034865016963234858 17
1778069653403 0.0035083166501288744 18
1778069654010 0.0035358872105318464 19
1778069654581 0.0036147961883168473 20
1778069655151 0.0037227346567976238 21
1778069655761 0.0038071921867269434 22
1778069656346 0.003920526910377176 23
1778069656930 0.003981473704947061 24
1778069657499 0.003990005176073235 25
1778069658072 0.003950276771731871 26
1778069658668 0.0038750420428665454 27
1778069659345 0.0038297668197437335 28
1778069659916 0.003838063362912324 29
