1778069642550 0.2839397337250786 0
1778069643195 0.19268029810300005 1
1778069643831 0.20054129673940915 2
1778069644451 0.1881376809095306 3
1778069645079 0.18478000464019145 4
1778069645658 0.1813535813454008 5
1778069646235 0.17804399814408703 6
1778069646821 0.17271298903413385 7
1778069647418 0.16570823533460735 8
1778069647995 0.15468191995506814 9
1778069648561 0.1395992330579408 10
1778069649170 0.12025896309938758 11
1778069649769 0.09965223281890093 12
1778069650351 0.07958199117234122 13
1778069651034 0.0660416033696328 14
1778069651667 0.06134860123164412 15
1778069652252 0.05985590358552373 16
1778069652841 0.0591494813799722 17
1778069653420 0.05932545166423273 18
1778069654027 0.0595677302234506 19
1778069654597 0.06021729763060139 20
1778069655166 0.06113244364776882 21
1778069655779 0.06182034635842445 22
1778069656362 0.06275075555166122 23
1778069656947 0.06321544153298433 24
1778069657515 0.0632858010235915 25
1778069658090 0.0629596079398572 26
1778069658684 0.06236108271900367 27
1778069659362 0.06199573978324452 28
1778069659933 0.0620586116931413 29
