1778069642542 0.1726632532903753 0
1778069643186 0.14774411345226593 1
1778069643822 0.16204666093468095 2
1778069644443 0.1543518078603105 3
1778069645070 0.15195191977976893 4
1778069645649 0.1491677275723524 5
1778069646227 0.14631285210618244 6
1778069646813 0.141729846541012 7
1778069647407 0.1355172506358675 8
1778069647988 0.1253821862348419 9
1778069648552 0.1103073771673096 10
1778069649162 0.09009259909794398 11
1778069649760 0.07002233418873836 12
1778069650343 0.05729094882349801 13
1778069651026 0.049555716979046774 14
1778069651660 0.04643438676399808 15
1778069652243 0.04526393586706069 16
1778069652831 0.04476015437847509 17
1778069653412 0.04496132871941416 18
1778069654018 0.04508054526064486 19
1778069654590 0.045615543855439034 20
1778069655159 0.04619260670495746 21
1778069655769 0.046812156481537234 22
1778069656355 0.04739071655363549 23
1778069656938 0.0477119864594433 24
1778069657507 0.047749825319149286 25
1778069658081 0.047540720060469006 26
1778069658676 0.04707963908486469 27
1778069659354 0.04677710711892393 28
1778069659925 0.046816296326896344 29
